Theta [deg.]  Phi   [deg.]  Abs(Dir.)[      ]   Abs(Theta)[      ]  Phase(Theta)[deg.]  Abs(Phi  )[      ]  Phase(Phi  )[deg.]  Ax.Ratio[      ]    
------------------------------------------------------------------------------------------------------------------------------------------------------
   0.000         270.000            1.575e-14           7.805e-15             334.017           7.948e-15             150.936           3.719e+01     
   1.000         270.000            1.349e-03           1.349e-03             332.257           7.965e-15             150.898           1.000e+02     
   2.000         270.000            5.391e-03           5.391e-03             332.251           7.985e-15             150.864           1.000e+02     
   3.000         270.000            1.211e-02           1.211e-02             332.242           8.007e-15             150.835           1.000e+02     
   4.000         270.000            2.148e-02           2.148e-02             332.228           8.031e-15             150.809           1.000e+02     
   5.000         270.000            3.347e-02           3.347e-02             332.211           8.056e-15             150.786           1.000e+02     
   6.000         270.000            4.802e-02           4.802e-02             332.189           8.084e-15             150.768           1.000e+02     
   7.000         270.000            6.508e-02           6.508e-02             332.164           8.113e-15             150.753           1.000e+02     
   8.000         270.000            8.458e-02           8.458e-02             332.134           8.144e-15             150.742           1.000e+02     
   9.000         270.000            1.064e-01           1.064e-01             332.100           8.176e-15             150.734           1.000e+02     
  10.000         270.000            1.305e-01           1.305e-01             332.062           8.208e-15             150.730           1.000e+02     
  11.000         270.000            1.568e-01           1.568e-01             332.020           8.242e-15             150.730           1.000e+02     
  12.000         270.000            1.850e-01           1.850e-01             331.972           8.275e-15             150.733           1.000e+02     
  13.000         270.000            2.152e-01           2.152e-01             331.921           8.308e-15             150.739           1.000e+02     
  14.000         270.000            2.470e-01           2.470e-01             331.864           8.340e-15             150.749           1.000e+02     
  15.000         270.000            2.804e-01           2.804e-01             331.802           8.371e-15             150.762           1.000e+02     
  16.000         270.000            3.152e-01           3.152e-01             331.735           8.400e-15             150.780           1.000e+02     
  17.000         270.000            3.511e-01           3.511e-01             331.662           8.428e-15             150.800           1.000e+02     
  18.000         270.000            3.879e-01           3.879e-01             331.584           8.452e-15             150.825           1.000e+02     
  19.000         270.000            4.255e-01           4.255e-01             331.499           8.472e-15             150.853           1.000e+02     
  20.000         270.000            4.634e-01           4.634e-01             331.409           8.489e-15             150.885           1.000e+02     
  21.000         270.000            5.015e-01           5.015e-01             331.311           8.501e-15             150.920           1.000e+02     
  22.000         270.000            5.395e-01           5.395e-01             331.206           8.507e-15             150.960           1.000e+02     
  23.000         270.000            5.770e-01           5.770e-01             331.093           8.507e-15             151.003           1.000e+02     
  24.000         270.000            6.137e-01           6.137e-01             330.972           8.500e-15             151.050           1.000e+02     
  25.000         270.000            6.494e-01           6.494e-01             330.842           8.486e-15             151.102           1.000e+02     
  26.000         270.000            6.835e-01           6.835e-01             330.703           8.463e-15             151.157           1.000e+02     
  27.000         270.000            7.159e-01           7.159e-01             330.553           8.431e-15             151.217           1.000e+02     
  28.000         270.000            7.462e-01           7.462e-01             330.392           8.390e-15             151.280           1.000e+02     
  29.000         270.000            7.739e-01           7.739e-01             330.219           8.338e-15             151.348           1.000e+02     
  30.000         270.000            7.988e-01           7.988e-01             330.032           8.275e-15             151.420           1.000e+02     
  31.000         270.000            8.205e-01           8.205e-01             329.831           8.201e-15             151.497           1.000e+02     
  32.000         270.000            8.386e-01           8.386e-01             329.614           8.115e-15             151.578           1.000e+02     
  33.000         270.000            8.529e-01           8.529e-01             329.380           8.016e-15             151.663           1.000e+02     
  34.000         270.000            8.631e-01           8.631e-01             329.125           7.905e-15             151.752           1.000e+02     
  35.000         270.000            8.688e-01           8.688e-01             328.849           7.781e-15             151.847           1.000e+02     
  36.000         270.000            8.700e-01           8.700e-01             328.548           7.644e-15             151.945           1.000e+02     
  37.000         270.000            8.663e-01           8.663e-01             328.220           7.493e-15             152.048           1.000e+02     
  38.000         270.000            8.578e-01           8.578e-01             327.861           7.331e-15             152.155           1.000e+02     
  39.000         270.000            8.443e-01           8.443e-01             327.466           7.155e-15             152.267           1.000e+02     
  40.000         270.000            8.257e-01           8.257e-01             327.030           6.966e-15             152.384           1.000e+02     
  41.000         270.000            8.022e-01           8.022e-01             326.549           6.766e-15             152.505           1.000e+02     
  42.000         270.000            7.739e-01           7.739e-01             326.013           6.554e-15             152.630           1.000e+02     
  43.000         270.000            7.409e-01           7.409e-01             325.415           6.332e-15             152.759           1.000e+02     
  44.000         270.000            7.036e-01           7.036e-01             324.742           6.101e-15             152.893           1.000e+02     
  45.000         270.000            6.624e-01           6.624e-01             323.983           5.860e-15             153.031           1.000e+02     
  46.000         270.000            6.177e-01           6.177e-01             323.118           5.612e-15             153.172           1.000e+02     
  47.000         270.000            5.701e-01           5.701e-01             322.127           5.359e-15             153.317           1.000e+02     
  48.000         270.000            5.202e-01           5.202e-01             320.981           5.100e-15             153.465           1.000e+02     
  49.000         270.000            4.687e-01           4.687e-01             319.643           4.837e-15             153.616           1.000e+02     
  50.000         270.000            4.165e-01           4.165e-01             318.064           4.573e-15             153.769           1.000e+02     
  51.000         270.000            3.644e-01           3.644e-01             316.176           4.308e-15             153.923           1.000e+02     
  52.000         270.000            3.133e-01           3.133e-01             313.889           4.043e-15             154.078           1.000e+02     
  53.000         270.000            2.643e-01           2.643e-01             311.073           3.782e-15             154.233           1.000e+02     
  54.000         270.000            2.184e-01           2.184e-01             307.544           3.524e-15             154.386           1.000e+02     
  55.000         270.000            1.766e-01           1.766e-01             303.039           3.271e-15             154.536           1.000e+02     
  56.000         270.000            1.400e-01           1.400e-01             297.181           3.025e-15             154.680           1.000e+02     
  57.000         270.000            1.098e-01           1.098e-01             289.461           2.786e-15             154.817           1.000e+02     
  58.000         270.000            8.689e-02           8.689e-02             279.294           2.557e-15             154.944           1.000e+02     
  59.000         270.000            7.234e-02           7.234e-02             266.323           2.337e-15             155.057           1.000e+02     
  60.000         270.000            6.709e-02           6.709e-02             251.079           2.128e-15             155.152           1.000e+02     
  61.000         270.000            7.199e-02           7.199e-02             235.385           1.930e-15             155.224           1.000e+02     
  62.000         270.000            8.778e-02           8.778e-02             221.380           1.744e-15             155.268           1.000e+02     
  63.000         270.000            1.151e-01           1.151e-01             210.121           1.571e-15             155.277           1.000e+02     
  64.000         270.000            1.544e-01           1.544e-01             201.511           1.410e-15             155.242           1.000e+02     
  65.000         270.000            2.061e-01           2.061e-01             194.999           1.261e-15             155.155           1.000e+02     
  66.000         270.000            2.702e-01           2.702e-01             190.030           1.125e-15             155.004           1.000e+02     
  67.000         270.000            3.467e-01           3.467e-01             186.177           1.001e-15             154.777           1.000e+02     
  68.000         270.000            4.354e-01           4.354e-01             183.133           8.887e-16             154.459           1.000e+02     
  69.000         270.000            5.358e-01           5.358e-01             180.688           7.879e-16             154.035           1.000e+02     
  70.000         270.000            6.472e-01           6.472e-01             178.693           6.980e-16             153.488           1.000e+02     
  71.000         270.000            7.688e-01           7.688e-01             177.043           6.183e-16             152.797           1.000e+02     
  72.000         270.000            8.996e-01           8.996e-01             175.663           5.482e-16             151.946           1.000e+02     
  73.000         270.000            1.038e+00           1.038e+00             174.498           4.871e-16             150.914           1.000e+02     
  74.000         270.000            1.183e+00           1.183e+00             173.506           4.343e-16             149.685           1.000e+02     
  75.000         270.000            1.333e+00           1.333e+00             172.657           3.890e-16             148.245           1.000e+02     
  76.000         270.000            1.486e+00           1.486e+00             171.926           3.508e-16             146.584           1.000e+02     
  77.000         270.000            1.640e+00           1.640e+00             171.294           3.188e-16             144.702           1.000e+02     
  78.000         270.000            1.793e+00           1.793e+00             170.747           2.926e-16             142.605           1.000e+02     
  79.000         270.000            1.944e+00           1.944e+00             170.274           2.715e-16             140.311           1.000e+02     
  80.000         270.000            2.090e+00           2.090e+00             169.864           2.551e-16             137.849           1.000e+02     
  81.000         270.000            2.229e+00           2.229e+00             169.510           2.429e-16             135.253           1.000e+02     
  82.000         270.000            2.360e+00           2.360e+00             169.207           2.344e-16             132.569           1.000e+02     
  83.000         270.000            2.480e+00           2.480e+00             168.949           2.293e-16             129.839           1.000e+02     
  84.000         270.000            2.588e+00           2.588e+00             168.733           2.271e-16             127.107           1.000e+02     
  85.000         270.000            2.682e+00           2.682e+00             168.555           2.275e-16             124.409           1.000e+02     
  86.000         270.000            2.761e+00           2.761e+00             168.412           2.302e-16             121.772           1.000e+02     
  87.000         270.000            2.824e+00           2.824e+00             168.303           2.347e-16             119.212           1.000e+02     
  88.000         270.000            2.870e+00           2.870e+00             168.226           2.409e-16             116.735           1.000e+02     
  89.000         270.000            2.897e+00           2.897e+00             168.180           2.482e-16             114.337           1.000e+02     
  90.000         270.000            2.907e+00           2.907e+00             168.165           2.563e-16             111.995           1.000e+02     
  91.000         270.000            2.897e+00           2.897e+00             168.180           2.652e-16             109.712           1.000e+02     
  92.000         270.000            2.870e+00           2.870e+00             168.226           2.742e-16             107.453           1.000e+02     
  93.000         270.000            2.824e+00           2.824e+00             168.303           2.832e-16             105.193           1.000e+02     
  94.000         270.000            2.761e+00           2.761e+00             168.412           2.918e-16             102.902           1.000e+02     
  95.000         270.000            2.682e+00           2.682e+00             168.555           2.999e-16             100.549           1.000e+02     
  96.000         270.000            2.588e+00           2.588e+00             168.733           3.072e-16              98.103           1.000e+02     
  97.000         270.000            2.480e+00           2.480e+00             168.949           3.137e-16              95.531           1.000e+02     
  98.000         270.000            2.360e+00           2.360e+00             169.207           3.193e-16              92.802           1.000e+02     
  99.000         270.000            2.229e+00           2.229e+00             169.510           3.242e-16              89.885           1.000e+02     
 100.000         270.000            2.090e+00           2.090e+00             169.864           3.284e-16              86.750           1.000e+02     
 101.000         270.000            1.944e+00           1.944e+00             170.274           3.324e-16              83.371           1.000e+02     
 102.000         270.000            1.793e+00           1.793e+00             170.747           3.366e-16              79.727           1.000e+02     
 103.000         270.000            1.640e+00           1.640e+00             171.294           3.415e-16              75.808           1.000e+02     
 104.000         270.000            1.486e+00           1.486e+00             171.926           3.479e-16              71.612           1.000e+02     
 105.000         270.000            1.333e+00           1.333e+00             172.657           3.565e-16              67.153           1.000e+02     
 106.000         270.000            1.183e+00           1.183e+00             173.506           3.683e-16              62.464           1.000e+02     
 107.000         270.000            1.038e+00           1.038e+00             174.498           3.843e-16              57.593           1.000e+02     
 108.000         270.000            8.996e-01           8.996e-01             175.663           4.056e-16              52.606           1.000e+02     
 109.000         270.000            7.688e-01           7.688e-01             177.043           4.334e-16              47.582           1.000e+02     
 110.000         270.000            6.472e-01           6.472e-01             178.693           4.688e-16              42.602           1.000e+02     
 111.000         270.000            5.358e-01           5.358e-01             180.688           5.131e-16              37.745           1.000e+02     
 112.000         270.000            4.354e-01           4.354e-01             183.133           5.674e-16              33.079           1.000e+02     
 113.000         270.000            3.467e-01           3.467e-01             186.177           6.327e-16              28.657           1.000e+02     
 114.000         270.000            2.702e-01           2.702e-01             190.030           7.102e-16              24.516           1.000e+02     
 115.000         270.000            2.061e-01           2.061e-01             194.999           8.006e-16              20.671           1.000e+02     
 116.000         270.000            1.544e-01           1.544e-01             201.511           9.049e-16              17.129           1.000e+02     
 117.000         270.000            1.151e-01           1.151e-01             210.121           1.023e-15              13.884           1.000e+02     
 118.000         270.000            8.778e-02           8.778e-02             221.380           1.157e-15              10.923           1.000e+02     
 119.000         270.000            7.199e-02           7.199e-02             235.385           1.305e-15               8.227           1.000e+02     
 120.000         270.000            6.709e-02           6.709e-02             251.079           1.468e-15               5.775           1.000e+02     
 121.000         270.000            7.234e-02           7.234e-02             266.323           1.646e-15               3.547           1.000e+02     
 122.000         270.000            8.689e-02           8.689e-02             279.294           1.838e-15               1.521           1.000e+02     
 123.000         270.000            1.098e-01           1.098e-01             289.461           2.044e-15             359.676           1.000e+02     
 124.000         270.000            1.400e-01           1.400e-01             297.181           2.262e-15             357.995           1.000e+02     
 125.000         270.000            1.766e-01           1.766e-01             303.039           2.492e-15             356.461           1.000e+02     
 126.000         270.000            2.184e-01           2.184e-01             307.544           2.733e-15             355.058           1.000e+02     
 127.000         270.000            2.643e-01           2.643e-01             311.073           2.983e-15             353.772           1.000e+02     
 128.000         270.000            3.133e-01           3.133e-01             313.889           3.240e-15             352.592           1.000e+02     
 129.000         270.000            3.644e-01           3.644e-01             316.176           3.504e-15             351.506           1.000e+02     
 130.000         270.000            4.165e-01           4.165e-01             318.064           3.772e-15             350.504           1.000e+02     
 131.000         270.000            4.687e-01           4.687e-01             319.643           4.044e-15             349.579           1.000e+02     
 132.000         270.000            5.202e-01           5.202e-01             320.981           4.316e-15             348.722           1.000e+02     
 133.000         270.000            5.701e-01           5.701e-01             322.127           4.588e-15             347.927           1.000e+02     
 134.000         270.000            6.177e-01           6.177e-01             323.118           4.857e-15             347.187           1.000e+02     
 135.000         270.000            6.624e-01           6.624e-01             323.983           5.123e-15             346.497           1.000e+02     
 136.000         270.000            7.036e-01           7.036e-01             324.742           5.384e-15             345.853           1.000e+02     
 137.000         270.000            7.409e-01           7.409e-01             325.415           5.637e-15             345.250           1.000e+02     
 138.000         270.000            7.739e-01           7.739e-01             326.013           5.883e-15             344.684           1.000e+02     
 139.000         270.000            8.022e-01           8.022e-01             326.549           6.120e-15             344.152           1.000e+02     
 140.000         270.000            8.257e-01           8.257e-01             327.030           6.347e-15             343.651           1.000e+02     
 141.000         270.000            8.443e-01           8.443e-01             327.466           6.562e-15             343.178           1.000e+02     
 142.000         270.000            8.578e-01           8.578e-01             327.861           6.766e-15             342.730           1.000e+02     
 143.000         270.000            8.663e-01           8.663e-01             328.220           6.957e-15             342.305           1.000e+02     
 144.000         270.000            8.700e-01           8.700e-01             328.548           7.135e-15             341.901           1.000e+02     
 145.000         270.000            8.688e-01           8.688e-01             328.849           7.301e-15             341.516           1.000e+02     
 146.000         270.000            8.631e-01           8.631e-01             329.125           7.453e-15             341.148           1.000e+02     
 147.000         270.000            8.529e-01           8.529e-01             329.380           7.592e-15             340.796           1.000e+02     
 148.000         270.000            8.386e-01           8.386e-01             329.614           7.718e-15             340.458           1.000e+02     
 149.000         270.000            8.205e-01           8.205e-01             329.831           7.830e-15             340.133           1.000e+02     
 150.000         270.000            7.988e-01           7.988e-01             330.032           7.930e-15             339.820           1.000e+02     
 151.000         270.000            7.739e-01           7.739e-01             330.219           8.018e-15             339.518           1.000e+02     
 152.000         270.000            7.462e-01           7.462e-01             330.392           8.093e-15             339.225           1.000e+02     
 153.000         270.000            7.159e-01           7.159e-01             330.553           8.158e-15             338.941           1.000e+02     
 154.000         270.000            6.835e-01           6.835e-01             330.703           8.212e-15             338.664           1.000e+02     
 155.000         270.000            6.494e-01           6.494e-01             330.842           8.255e-15             338.394           1.000e+02     
 156.000         270.000            6.137e-01           6.137e-01             330.972           8.289e-15             338.131           1.000e+02     
 157.000         270.000            5.770e-01           5.770e-01             331.093           8.315e-15             337.872           1.000e+02     
 158.000         270.000            5.395e-01           5.395e-01             331.206           8.333e-15             337.619           1.000e+02     
 159.000         270.000            5.015e-01           5.015e-01             331.311           8.343e-15             337.370           1.000e+02     
 160.000         270.000            4.634e-01           4.634e-01             331.409           8.347e-15             337.124           1.000e+02     
 161.000         270.000            4.255e-01           4.255e-01             331.499           8.344e-15             336.882           1.000e+02     
 162.000         270.000            3.879e-01           3.879e-01             331.584           8.337e-15             336.642           1.000e+02     
 163.000         270.000            3.511e-01           3.511e-01             331.662           8.326e-15             336.405           1.000e+02     
 164.000         270.000            3.152e-01           3.152e-01             331.735           8.310e-15             336.170           1.000e+02     
 165.000         270.000            2.804e-01           2.804e-01             331.802           8.292e-15             335.936           1.000e+02     
 166.000         270.000            2.470e-01           2.470e-01             331.864           8.270e-15             335.704           1.000e+02     
 167.000         270.000            2.152e-01           2.152e-01             331.921           8.247e-15             335.473           1.000e+02     
 168.000         270.000            1.850e-01           1.850e-01             331.972           8.223e-15             335.242           1.000e+02     
 169.000         270.000            1.568e-01           1.568e-01             332.020           8.197e-15             335.013           1.000e+02     
 170.000         270.000            1.305e-01           1.305e-01             332.062           8.171e-15             334.785           1.000e+02     
 171.000         270.000            1.064e-01           1.064e-01             332.100           8.145e-15             334.557           1.000e+02     
 172.000         270.000            8.458e-02           8.458e-02             332.134           8.119e-15             334.329           1.000e+02     
 173.000         270.000            6.508e-02           6.508e-02             332.164           8.094e-15             334.103           1.000e+02     
 174.000         270.000            4.802e-02           4.802e-02             332.189           8.070e-15             333.877           1.000e+02     
 175.000         270.000            3.347e-02           3.347e-02             332.211           8.048e-15             333.652           1.000e+02     
 176.000         270.000            2.148e-02           2.148e-02             332.228           8.027e-15             333.428           1.000e+02     
 177.000         270.000            1.211e-02           1.211e-02             332.242           8.007e-15             333.206           1.000e+02     
 178.000         270.000            5.391e-03           5.391e-03             332.251           7.990e-15             332.984           1.000e+02     
 179.000         270.000            1.349e-03           1.349e-03             332.257           7.975e-15             332.765           1.000e+02     
 180.000         270.000            1.559e-14           7.627e-15             334.801           7.962e-15             332.547           5.083e+01     
