Theta [deg.]  Phi   [deg.]  Abs(Dir.)[dBi   ]   Abs(Theta)[dBi   ]  Phase(Theta)[deg.]  Abs(Phi  )[dBi   ]  Phase(Phi  )[deg.]  Ax.Ratio[dB    ]    
------------------------------------------------------------------------------------------------------------------------------------------------------
   0.000         270.000           -1.380e+02          -1.411e+02             334.017          -1.410e+02             150.936           3.141e+01     
   1.000         270.000           -2.870e+01          -2.870e+01             332.257          -1.410e+02             150.898           4.000e+01     
   2.000         270.000           -2.268e+01          -2.268e+01             332.251          -1.410e+02             150.864           4.000e+01     
   3.000         270.000           -1.917e+01          -1.917e+01             332.242          -1.410e+02             150.835           4.000e+01     
   4.000         270.000           -1.668e+01          -1.668e+01             332.228          -1.410e+02             150.809           4.000e+01     
   5.000         270.000           -1.475e+01          -1.475e+01             332.211          -1.409e+02             150.786           4.000e+01     
   6.000         270.000           -1.319e+01          -1.319e+01             332.189          -1.409e+02             150.768           4.000e+01     
   7.000         270.000           -1.187e+01          -1.187e+01             332.164          -1.409e+02             150.753           4.000e+01     
   8.000         270.000           -1.073e+01          -1.073e+01             332.134          -1.409e+02             150.742           4.000e+01     
   9.000         270.000           -9.730e+00          -9.730e+00             332.100          -1.409e+02             150.734           4.000e+01     
  10.000         270.000           -8.843e+00          -8.843e+00             332.062          -1.409e+02             150.730           4.000e+01     
  11.000         270.000           -8.047e+00          -8.047e+00             332.020          -1.408e+02             150.730           4.000e+01     
  12.000         270.000           -7.328e+00          -7.328e+00             331.972          -1.408e+02             150.733           4.000e+01     
  13.000         270.000           -6.672e+00          -6.672e+00             331.921          -1.408e+02             150.739           4.000e+01     
  14.000         270.000           -6.073e+00          -6.073e+00             331.864          -1.408e+02             150.749           4.000e+01     
  15.000         270.000           -5.522e+00          -5.522e+00             331.802          -1.408e+02             150.762           4.000e+01     
  16.000         270.000           -5.014e+00          -5.014e+00             331.735          -1.408e+02             150.780           4.000e+01     
  17.000         270.000           -4.546e+00          -4.546e+00             331.662          -1.407e+02             150.800           4.000e+01     
  18.000         270.000           -4.112e+00          -4.112e+00             331.584          -1.407e+02             150.825           4.000e+01     
  19.000         270.000           -3.711e+00          -3.711e+00             331.499          -1.407e+02             150.853           4.000e+01     
  20.000         270.000           -3.340e+00          -3.340e+00             331.409          -1.407e+02             150.885           4.000e+01     
  21.000         270.000           -2.997e+00          -2.997e+00             331.311          -1.407e+02             150.920           4.000e+01     
  22.000         270.000           -2.680e+00          -2.680e+00             331.206          -1.407e+02             150.960           4.000e+01     
  23.000         270.000           -2.388e+00          -2.388e+00             331.093          -1.407e+02             151.003           4.000e+01     
  24.000         270.000           -2.120e+00          -2.120e+00             330.972          -1.407e+02             151.050           4.000e+01     
  25.000         270.000           -1.875e+00          -1.875e+00             330.842          -1.407e+02             151.102           4.000e+01     
  26.000         270.000           -1.652e+00          -1.652e+00             330.703          -1.407e+02             151.157           4.000e+01     
  27.000         270.000           -1.451e+00          -1.451e+00             330.553          -1.407e+02             151.217           4.000e+01     
  28.000         270.000           -1.272e+00          -1.272e+00             330.392          -1.408e+02             151.280           4.000e+01     
  29.000         270.000           -1.113e+00          -1.113e+00             330.219          -1.408e+02             151.348           4.000e+01     
  30.000         270.000           -9.757e-01          -9.757e-01             330.032          -1.408e+02             151.420           4.000e+01     
  31.000         270.000           -8.594e-01          -8.594e-01             329.831          -1.409e+02             151.497           4.000e+01     
  32.000         270.000           -7.644e-01          -7.644e-01             329.614          -1.409e+02             151.578           4.000e+01     
  33.000         270.000           -6.910e-01          -6.910e-01             329.380          -1.410e+02             151.663           4.000e+01     
  34.000         270.000           -6.396e-01          -6.396e-01             329.125          -1.410e+02             151.752           4.000e+01     
  35.000         270.000           -6.106e-01          -6.106e-01             328.849          -1.411e+02             151.847           4.000e+01     
  36.000         270.000           -6.049e-01          -6.049e-01             328.548          -1.412e+02             151.945           4.000e+01     
  37.000         270.000           -6.231e-01          -6.231e-01             328.220          -1.413e+02             152.048           4.000e+01     
  38.000         270.000           -6.660e-01          -6.660e-01             327.861          -1.413e+02             152.155           4.000e+01     
  39.000         270.000           -7.351e-01          -7.351e-01             327.466          -1.415e+02             152.267           4.000e+01     
  40.000         270.000           -8.317e-01          -8.317e-01             327.030          -1.416e+02             152.384           4.000e+01     
  41.000         270.000           -9.572e-01          -9.572e-01             326.549          -1.417e+02             152.505           4.000e+01     
  42.000         270.000           -1.113e+00          -1.113e+00             326.013          -1.418e+02             152.630           4.000e+01     
  43.000         270.000           -1.302e+00          -1.302e+00             325.415          -1.420e+02             152.759           4.000e+01     
  44.000         270.000           -1.527e+00          -1.527e+00             324.742          -1.421e+02             152.893           4.000e+01     
  45.000         270.000           -1.789e+00          -1.789e+00             323.983          -1.423e+02             153.031           4.000e+01     
  46.000         270.000           -2.092e+00          -2.092e+00             323.118          -1.425e+02             153.172           4.000e+01     
  47.000         270.000           -2.440e+00          -2.440e+00             322.127          -1.427e+02             153.317           4.000e+01     
  48.000         270.000           -2.838e+00          -2.838e+00             320.981          -1.429e+02             153.465           4.000e+01     
  49.000         270.000           -3.291e+00          -3.291e+00             319.643          -1.432e+02             153.616           4.000e+01     
  50.000         270.000           -3.804e+00          -3.804e+00             318.064          -1.434e+02             153.769           4.000e+01     
  51.000         270.000           -4.385e+00          -4.385e+00             316.176          -1.437e+02             153.923           4.000e+01     
  52.000         270.000           -5.040e+00          -5.040e+00             313.889          -1.439e+02             154.078           4.000e+01     
  53.000         270.000           -5.779e+00          -5.779e+00             311.073          -1.442e+02             154.233           4.000e+01     
  54.000         270.000           -6.608e+00          -6.608e+00             307.544          -1.445e+02             154.386           4.000e+01     
  55.000         270.000           -7.531e+00          -7.531e+00             303.039          -1.449e+02             154.536           4.000e+01     
  56.000         270.000           -8.538e+00          -8.538e+00             297.181          -1.452e+02             154.680           4.000e+01     
  57.000         270.000           -9.595e+00          -9.595e+00             289.461          -1.455e+02             154.817           4.000e+01     
  58.000         270.000           -1.061e+01          -1.061e+01             279.294          -1.459e+02             154.944           4.000e+01     
  59.000         270.000           -1.141e+01          -1.141e+01             266.323          -1.463e+02             155.057           4.000e+01     
  60.000         270.000           -1.173e+01          -1.173e+01             251.079          -1.467e+02             155.152           4.000e+01     
  61.000         270.000           -1.143e+01          -1.143e+01             235.385          -1.471e+02             155.224           4.000e+01     
  62.000         270.000           -1.057e+01          -1.057e+01             221.380          -1.476e+02             155.268           4.000e+01     
  63.000         270.000           -9.389e+00          -9.389e+00             210.121          -1.480e+02             155.277           4.000e+01     
  64.000         270.000           -8.113e+00          -8.113e+00             201.511          -1.485e+02             155.242           4.000e+01     
  65.000         270.000           -6.860e+00          -6.860e+00             194.999          -1.490e+02             155.155           4.000e+01     
  66.000         270.000           -5.684e+00          -5.684e+00             190.030          -1.495e+02             155.004           4.000e+01     
  67.000         270.000           -4.601e+00          -4.601e+00             186.177          -1.500e+02             154.777           4.000e+01     
  68.000         270.000           -3.612e+00          -3.612e+00             183.133          -1.505e+02             154.459           4.000e+01     
  69.000         270.000           -2.710e+00          -2.710e+00             180.688          -1.510e+02             154.035           4.000e+01     
  70.000         270.000           -1.890e+00          -1.890e+00             178.693          -1.516e+02             153.488           4.000e+01     
  71.000         270.000           -1.142e+00          -1.142e+00             177.043          -1.521e+02             152.797           4.000e+01     
  72.000         270.000           -4.595e-01          -4.595e-01             175.663          -1.526e+02             151.946           4.000e+01     
  73.000         270.000            1.628e-01           1.628e-01             174.498          -1.531e+02             150.914           4.000e+01     
  74.000         270.000            7.306e-01           7.306e-01             173.506          -1.536e+02             149.685           4.000e+01     
  75.000         270.000            1.248e+00           1.248e+00             172.657          -1.541e+02             148.245           4.000e+01     
  76.000         270.000            1.720e+00           1.720e+00             171.926          -1.545e+02             146.584           4.000e+01     
  77.000         270.000            2.149e+00           2.149e+00             171.294          -1.550e+02             144.702           4.000e+01     
  78.000         270.000            2.537e+00           2.537e+00             170.747          -1.553e+02             142.605           4.000e+01     
  79.000         270.000            2.887e+00           2.887e+00             170.274          -1.557e+02             140.311           4.000e+01     
  80.000         270.000            3.202e+00           3.202e+00             169.864          -1.559e+02             137.849           4.000e+01     
  81.000         270.000            3.482e+00           3.482e+00             169.510          -1.561e+02             135.253           4.000e+01     
  82.000         270.000            3.729e+00           3.729e+00             169.207          -1.563e+02             132.569           4.000e+01     
  83.000         270.000            3.945e+00           3.945e+00             168.949          -1.564e+02             129.839           4.000e+01     
  84.000         270.000            4.130e+00           4.130e+00             168.733          -1.564e+02             127.107           4.000e+01     
  85.000         270.000            4.285e+00           4.285e+00             168.555          -1.564e+02             124.409           4.000e+01     
  86.000         270.000            4.411e+00           4.411e+00             168.412          -1.564e+02             121.772           4.000e+01     
  87.000         270.000            4.509e+00           4.509e+00             168.303          -1.563e+02             119.212           4.000e+01     
  88.000         270.000            4.578e+00           4.578e+00             168.226          -1.562e+02             116.735           4.000e+01     
  89.000         270.000            4.620e+00           4.620e+00             168.180          -1.561e+02             114.337           4.000e+01     
  90.000         270.000            4.634e+00           4.634e+00             168.165          -1.559e+02             111.995           4.000e+01     
  91.000         270.000            4.620e+00           4.620e+00             168.180          -1.558e+02             109.712           4.000e+01     
  92.000         270.000            4.578e+00           4.578e+00             168.226          -1.556e+02             107.453           4.000e+01     
  93.000         270.000            4.509e+00           4.509e+00             168.303          -1.555e+02             105.193           4.000e+01     
  94.000         270.000            4.411e+00           4.411e+00             168.412          -1.553e+02             102.902           4.000e+01     
  95.000         270.000            4.285e+00           4.285e+00             168.555          -1.552e+02             100.549           4.000e+01     
  96.000         270.000            4.130e+00           4.130e+00             168.733          -1.551e+02              98.103           4.000e+01     
  97.000         270.000            3.945e+00           3.945e+00             168.949          -1.550e+02              95.531           4.000e+01     
  98.000         270.000            3.729e+00           3.729e+00             169.207          -1.550e+02              92.802           4.000e+01     
  99.000         270.000            3.482e+00           3.482e+00             169.510          -1.549e+02              89.885           4.000e+01     
 100.000         270.000            3.202e+00           3.202e+00             169.864          -1.548e+02              86.750           4.000e+01     
 101.000         270.000            2.887e+00           2.887e+00             170.274          -1.548e+02              83.371           4.000e+01     
 102.000         270.000            2.537e+00           2.537e+00             170.747          -1.547e+02              79.727           4.000e+01     
 103.000         270.000            2.149e+00           2.149e+00             171.294          -1.547e+02              75.808           4.000e+01     
 104.000         270.000            1.720e+00           1.720e+00             171.926          -1.546e+02              71.612           4.000e+01     
 105.000         270.000            1.248e+00           1.248e+00             172.657          -1.545e+02              67.153           4.000e+01     
 106.000         270.000            7.306e-01           7.306e-01             173.506          -1.543e+02              62.464           4.000e+01     
 107.000         270.000            1.628e-01           1.628e-01             174.498          -1.542e+02              57.593           4.000e+01     
 108.000         270.000           -4.595e-01          -4.595e-01             175.663          -1.539e+02              52.606           4.000e+01     
 109.000         270.000           -1.142e+00          -1.142e+00             177.043          -1.536e+02              47.582           4.000e+01     
 110.000         270.000           -1.890e+00          -1.890e+00             178.693          -1.533e+02              42.602           4.000e+01     
 111.000         270.000           -2.710e+00          -2.710e+00             180.688          -1.529e+02              37.745           4.000e+01     
 112.000         270.000           -3.612e+00          -3.612e+00             183.133          -1.525e+02              33.079           4.000e+01     
 113.000         270.000           -4.601e+00          -4.601e+00             186.177          -1.520e+02              28.657           4.000e+01     
 114.000         270.000           -5.684e+00          -5.684e+00             190.030          -1.515e+02              24.516           4.000e+01     
 115.000         270.000           -6.860e+00          -6.860e+00             194.999          -1.510e+02              20.671           4.000e+01     
 116.000         270.000           -8.113e+00          -8.113e+00             201.511          -1.504e+02              17.129           4.000e+01     
 117.000         270.000           -9.389e+00          -9.389e+00             210.121          -1.499e+02              13.884           4.000e+01     
 118.000         270.000           -1.057e+01          -1.057e+01             221.380          -1.494e+02              10.923           4.000e+01     
 119.000         270.000           -1.143e+01          -1.143e+01             235.385          -1.488e+02               8.227           4.000e+01     
 120.000         270.000           -1.173e+01          -1.173e+01             251.079          -1.483e+02               5.775           4.000e+01     
 121.000         270.000           -1.141e+01          -1.141e+01             266.323          -1.478e+02               3.547           4.000e+01     
 122.000         270.000           -1.061e+01          -1.061e+01             279.294          -1.474e+02               1.521           4.000e+01     
 123.000         270.000           -9.595e+00          -9.595e+00             289.461          -1.469e+02             359.676           4.000e+01     
 124.000         270.000           -8.538e+00          -8.538e+00             297.181          -1.465e+02             357.995           4.000e+01     
 125.000         270.000           -7.531e+00          -7.531e+00             303.039          -1.460e+02             356.461           4.000e+01     
 126.000         270.000           -6.608e+00          -6.608e+00             307.544          -1.456e+02             355.058           4.000e+01     
 127.000         270.000           -5.779e+00          -5.779e+00             311.073          -1.453e+02             353.772           4.000e+01     
 128.000         270.000           -5.040e+00          -5.040e+00             313.889          -1.449e+02             352.592           4.000e+01     
 129.000         270.000           -4.385e+00          -4.385e+00             316.176          -1.446e+02             351.506           4.000e+01     
 130.000         270.000           -3.804e+00          -3.804e+00             318.064          -1.442e+02             350.504           4.000e+01     
 131.000         270.000           -3.291e+00          -3.291e+00             319.643          -1.439e+02             349.579           4.000e+01     
 132.000         270.000           -2.838e+00          -2.838e+00             320.981          -1.436e+02             348.722           4.000e+01     
 133.000         270.000           -2.440e+00          -2.440e+00             322.127          -1.434e+02             347.927           4.000e+01     
 134.000         270.000           -2.092e+00          -2.092e+00             323.118          -1.431e+02             347.187           4.000e+01     
 135.000         270.000           -1.789e+00          -1.789e+00             323.983          -1.429e+02             346.497           4.000e+01     
 136.000         270.000           -1.527e+00          -1.527e+00             324.742          -1.427e+02             345.853           4.000e+01     
 137.000         270.000           -1.302e+00          -1.302e+00             325.415          -1.425e+02             345.250           4.000e+01     
 138.000         270.000           -1.113e+00          -1.113e+00             326.013          -1.423e+02             344.684           4.000e+01     
 139.000         270.000           -9.572e-01          -9.572e-01             326.549          -1.421e+02             344.152           4.000e+01     
 140.000         270.000           -8.317e-01          -8.317e-01             327.030          -1.420e+02             343.651           4.000e+01     
 141.000         270.000           -7.351e-01          -7.351e-01             327.466          -1.418e+02             343.178           4.000e+01     
 142.000         270.000           -6.660e-01          -6.660e-01             327.861          -1.417e+02             342.730           4.000e+01     
 143.000         270.000           -6.231e-01          -6.231e-01             328.220          -1.416e+02             342.305           4.000e+01     
 144.000         270.000           -6.049e-01          -6.049e-01             328.548          -1.415e+02             341.901           4.000e+01     
 145.000         270.000           -6.106e-01          -6.106e-01             328.849          -1.414e+02             341.516           4.000e+01     
 146.000         270.000           -6.396e-01          -6.396e-01             329.125          -1.413e+02             341.148           4.000e+01     
 147.000         270.000           -6.910e-01          -6.910e-01             329.380          -1.412e+02             340.796           4.000e+01     
 148.000         270.000           -7.644e-01          -7.644e-01             329.614          -1.411e+02             340.458           4.000e+01     
 149.000         270.000           -8.594e-01          -8.594e-01             329.831          -1.411e+02             340.133           4.000e+01     
 150.000         270.000           -9.757e-01          -9.757e-01             330.032          -1.410e+02             339.820           4.000e+01     
 151.000         270.000           -1.113e+00          -1.113e+00             330.219          -1.410e+02             339.518           4.000e+01     
 152.000         270.000           -1.272e+00          -1.272e+00             330.392          -1.409e+02             339.225           4.000e+01     
 153.000         270.000           -1.451e+00          -1.451e+00             330.553          -1.409e+02             338.941           4.000e+01     
 154.000         270.000           -1.652e+00          -1.652e+00             330.703          -1.409e+02             338.664           4.000e+01     
 155.000         270.000           -1.875e+00          -1.875e+00             330.842          -1.408e+02             338.394           4.000e+01     
 156.000         270.000           -2.120e+00          -2.120e+00             330.972          -1.408e+02             338.131           4.000e+01     
 157.000         270.000           -2.388e+00          -2.388e+00             331.093          -1.408e+02             337.872           4.000e+01     
 158.000         270.000           -2.680e+00          -2.680e+00             331.206          -1.408e+02             337.619           4.000e+01     
 159.000         270.000           -2.997e+00          -2.997e+00             331.311          -1.408e+02             337.370           4.000e+01     
 160.000         270.000           -3.340e+00          -3.340e+00             331.409          -1.408e+02             337.124           4.000e+01     
 161.000         270.000           -3.711e+00          -3.711e+00             331.499          -1.408e+02             336.882           4.000e+01     
 162.000         270.000           -4.112e+00          -4.112e+00             331.584          -1.408e+02             336.642           4.000e+01     
 163.000         270.000           -4.546e+00          -4.546e+00             331.662          -1.408e+02             336.405           4.000e+01     
 164.000         270.000           -5.014e+00          -5.014e+00             331.735          -1.408e+02             336.170           4.000e+01     
 165.000         270.000           -5.522e+00          -5.522e+00             331.802          -1.408e+02             335.936           4.000e+01     
 166.000         270.000           -6.073e+00          -6.073e+00             331.864          -1.408e+02             335.704           4.000e+01     
 167.000         270.000           -6.672e+00          -6.672e+00             331.921          -1.408e+02             335.473           4.000e+01     
 168.000         270.000           -7.328e+00          -7.328e+00             331.972          -1.408e+02             335.242           4.000e+01     
 169.000         270.000           -8.047e+00          -8.047e+00             332.020          -1.409e+02             335.013           4.000e+01     
 170.000         270.000           -8.843e+00          -8.843e+00             332.062          -1.409e+02             334.785           4.000e+01     
 171.000         270.000           -9.730e+00          -9.730e+00             332.100          -1.409e+02             334.557           4.000e+01     
 172.000         270.000           -1.073e+01          -1.073e+01             332.134          -1.409e+02             334.329           4.000e+01     
 173.000         270.000           -1.187e+01          -1.187e+01             332.164          -1.409e+02             334.103           4.000e+01     
 174.000         270.000           -1.319e+01          -1.319e+01             332.189          -1.409e+02             333.877           4.000e+01     
 175.000         270.000           -1.475e+01          -1.475e+01             332.211          -1.409e+02             333.652           4.000e+01     
 176.000         270.000           -1.668e+01          -1.668e+01             332.228          -1.410e+02             333.428           4.000e+01     
 177.000         270.000           -1.917e+01          -1.917e+01             332.242          -1.410e+02             333.206           4.000e+01     
 178.000         270.000           -2.268e+01          -2.268e+01             332.251          -1.410e+02             332.984           4.000e+01     
 179.000         270.000           -2.870e+01          -2.870e+01             332.257          -1.410e+02             332.765           4.000e+01     
 180.000         270.000           -1.381e+02          -1.412e+02             334.801          -1.410e+02             332.547           3.412e+01     
 179.000          90.000           -2.870e+01          -2.870e+01             332.257          -1.410e+02             152.331           4.000e+01     
 178.000          90.000           -2.268e+01          -2.268e+01             332.251          -1.410e+02             152.119           4.000e+01     
 177.000          90.000           -1.917e+01          -1.917e+01             332.242          -1.410e+02             151.909           4.000e+01     
 176.000          90.000           -1.668e+01          -1.668e+01             332.228          -1.410e+02             151.702           4.000e+01     
 175.000          90.000           -1.475e+01          -1.475e+01             332.211          -1.410e+02             151.500           4.000e+01     
 174.000          90.000           -1.319e+01          -1.319e+01             332.189          -1.410e+02             151.301           4.000e+01     
 173.000          90.000           -1.187e+01          -1.187e+01             332.164          -1.410e+02             151.107           4.000e+01     
 172.000          90.000           -1.073e+01          -1.073e+01             332.134          -1.410e+02             150.919           4.000e+01     
 171.000          90.000           -9.730e+00          -9.730e+00             332.100          -1.410e+02             150.736           4.000e+01     
 170.000          90.000           -8.843e+00          -8.843e+00             332.062          -1.410e+02             150.559           4.000e+01     
 169.000          90.000           -8.047e+00          -8.047e+00             332.020          -1.410e+02             150.390           4.000e+01     
 168.000          90.000           -7.328e+00          -7.328e+00             331.972          -1.410e+02             150.227           4.000e+01     
 167.000          90.000           -6.672e+00          -6.672e+00             331.921          -1.410e+02             150.072           4.000e+01     
 166.000          90.000           -6.073e+00          -6.073e+00             331.864          -1.410e+02             149.925           4.000e+01     
 165.000          90.000           -5.522e+00          -5.522e+00             331.802          -1.410e+02             149.786           4.000e+01     
 164.000          90.000           -5.014e+00          -5.014e+00             331.735          -1.410e+02             149.657           4.000e+01     
 163.000          90.000           -4.546e+00          -4.546e+00             331.662          -1.410e+02             149.538           4.000e+01     
 162.000          90.000           -4.112e+00          -4.112e+00             331.584          -1.410e+02             149.429           4.000e+01     
 161.000          90.000           -3.711e+00          -3.711e+00             331.499          -1.409e+02             149.330           4.000e+01     
 160.000          90.000           -3.340e+00          -3.340e+00             331.409          -1.409e+02             149.243           4.000e+01     
 159.000          90.000           -2.997e+00          -2.997e+00             331.311          -1.409e+02             149.167           4.000e+01     
 158.000          90.000           -2.680e+00          -2.680e+00             331.206          -1.409e+02             149.103           4.000e+01     
 157.000          90.000           -2.388e+00          -2.388e+00             331.093          -1.410e+02             149.051           4.000e+01     
 156.000          90.000           -2.120e+00          -2.120e+00             330.972          -1.410e+02             149.012           4.000e+01     
 155.000          90.000           -1.875e+00          -1.875e+00             330.842          -1.410e+02             148.987           4.000e+01     
 154.000          90.000           -1.652e+00          -1.652e+00             330.703          -1.410e+02             148.974           4.000e+01     
 153.000          90.000           -1.451e+00          -1.451e+00             330.553          -1.410e+02             148.976           4.000e+01     
 152.000          90.000           -1.272e+00          -1.272e+00             330.392          -1.410e+02             148.992           4.000e+01     
 151.000          90.000           -1.113e+00          -1.113e+00             330.219          -1.410e+02             149.022           4.000e+01     
 150.000          90.000           -9.757e-01          -9.757e-01             330.032          -1.411e+02             149.068           4.000e+01     
 149.000          90.000           -8.594e-01          -8.594e-01             329.831          -1.411e+02             149.128           4.000e+01     
 148.000          90.000           -7.644e-01          -7.644e-01             329.614          -1.411e+02             149.204           4.000e+01     
 147.000          90.000           -6.910e-01          -6.910e-01             329.380          -1.412e+02             149.296           4.000e+01     
 146.000          90.000           -6.396e-01          -6.396e-01             329.125          -1.412e+02             149.404           4.000e+01     
 145.000          90.000           -6.106e-01          -6.106e-01             328.849          -1.413e+02             149.529           4.000e+01     
 144.000          90.000           -6.049e-01          -6.049e-01             328.548          -1.414e+02             149.670           4.000e+01     
 143.000          90.000           -6.231e-01          -6.231e-01             328.220          -1.414e+02             149.828           4.000e+01     
 142.000          90.000           -6.660e-01          -6.660e-01             327.861          -1.415e+02             150.004           4.000e+01     
 141.000          90.000           -7.351e-01          -7.351e-01             327.466          -1.416e+02             150.197           4.000e+01     
 140.000          90.000           -8.317e-01          -8.317e-01             327.030          -1.417e+02             150.408           4.000e+01     
 139.000          90.000           -9.572e-01          -9.572e-01             326.549          -1.418e+02             150.637           4.000e+01     
 138.000          90.000           -1.113e+00          -1.113e+00             326.013          -1.419e+02             150.885           4.000e+01     
 137.000          90.000           -1.302e+00          -1.302e+00             325.415          -1.420e+02             151.151           4.000e+01     
 136.000          90.000           -1.527e+00          -1.527e+00             324.742          -1.422e+02             151.435           4.000e+01     
 135.000          90.000           -1.789e+00          -1.789e+00             323.983          -1.423e+02             151.739           4.000e+01     
 134.000          90.000           -2.092e+00          -2.092e+00             323.118          -1.425e+02             152.061           4.000e+01     
 133.000          90.000           -2.440e+00          -2.440e+00             322.127          -1.426e+02             152.403           4.000e+01     
 132.000          90.000           -2.838e+00          -2.838e+00             320.981          -1.428e+02             152.763           4.000e+01     
 131.000          90.000           -3.291e+00          -3.291e+00             319.643          -1.430e+02             153.142           4.000e+01     
 130.000          90.000           -3.804e+00          -3.804e+00             318.064          -1.432e+02             153.540           4.000e+01     
 129.000          90.000           -4.385e+00          -4.385e+00             316.176          -1.434e+02             153.955           4.000e+01     
 128.000          90.000           -5.040e+00          -5.040e+00             313.889          -1.436e+02             154.388           4.000e+01     
 127.000          90.000           -5.779e+00          -5.779e+00             311.073          -1.438e+02             154.838           4.000e+01     
 126.000          90.000           -6.608e+00          -6.608e+00             307.544          -1.440e+02             155.303           4.000e+01     
 125.000          90.000           -7.531e+00          -7.531e+00             303.039          -1.443e+02             155.782           4.000e+01     
 124.000          90.000           -8.538e+00          -8.538e+00             297.181          -1.445e+02             156.274           4.000e+01     
 123.000          90.000           -9.595e+00          -9.595e+00             289.461          -1.448e+02             156.775           4.000e+01     
 122.000          90.000           -1.061e+01          -1.061e+01             279.294          -1.451e+02             157.284           4.000e+01     
 121.000          90.000           -1.141e+01          -1.141e+01             266.323          -1.454e+02             157.797           4.000e+01     
 120.000          90.000           -1.173e+01          -1.173e+01             251.079          -1.457e+02             158.310           4.000e+01     
 119.000          90.000           -1.143e+01          -1.143e+01             235.385          -1.460e+02             158.819           4.000e+01     
 118.000          90.000           -1.057e+01          -1.057e+01             221.380          -1.463e+02             159.317           4.000e+01     
 117.000          90.000           -9.389e+00          -9.389e+00             210.121          -1.466e+02             159.799           4.000e+01     
 116.000          90.000           -8.113e+00          -8.113e+00             201.511          -1.469e+02             160.256           4.000e+01     
 115.000          90.000           -6.860e+00          -6.860e+00             194.999          -1.473e+02             160.681           4.000e+01     
 114.000          90.000           -5.684e+00          -5.684e+00             190.030          -1.476e+02             161.064           4.000e+01     
 113.000          90.000           -4.601e+00          -4.601e+00             186.177          -1.480e+02             161.394           4.000e+01     
 112.000          90.000           -3.612e+00          -3.612e+00             183.133          -1.483e+02             161.659           4.000e+01     
 111.000          90.000           -2.710e+00          -2.710e+00             180.688          -1.487e+02             161.845           4.000e+01     
 110.000          90.000           -1.890e+00          -1.890e+00             178.693          -1.491e+02             161.938           4.000e+01     
 109.000          90.000           -1.142e+00          -1.142e+00             177.043          -1.494e+02             161.923           4.000e+01     
 108.000          90.000           -4.595e-01          -4.595e-01             175.663          -1.498e+02             161.782           4.000e+01     
 107.000          90.000            1.628e-01           1.628e-01             174.498          -1.502e+02             161.499           4.000e+01     
 106.000          90.000            7.306e-01           7.306e-01             173.506          -1.506e+02             161.056           4.000e+01     
 105.000          90.000            1.248e+00           1.248e+00             172.657          -1.509e+02             160.434           4.000e+01     
 104.000          90.000            1.720e+00           1.720e+00             171.926          -1.513e+02             159.617           4.000e+01     
 103.000          90.000            2.149e+00           2.149e+00             171.294          -1.516e+02             158.586           4.000e+01     
 102.000          90.000            2.537e+00           2.537e+00             170.747          -1.520e+02             157.327           4.000e+01     
 101.000          90.000            2.887e+00           2.887e+00             170.274          -1.523e+02             155.827           4.000e+01     
 100.000          90.000            3.202e+00           3.202e+00             169.864          -1.527e+02             154.076           4.000e+01     
  99.000          90.000            3.482e+00           3.482e+00             169.510          -1.530e+02             152.069           4.000e+01     
  98.000          90.000            3.729e+00           3.729e+00             169.207          -1.532e+02             149.805           4.000e+01     
  97.000          90.000            3.945e+00           3.945e+00             168.949          -1.535e+02             147.289           4.000e+01     
  96.000          90.000            4.130e+00           4.130e+00             168.733          -1.537e+02             144.532           4.000e+01     
  95.000          90.000            4.285e+00           4.285e+00             168.555          -1.540e+02             141.550           4.000e+01     
  94.000          90.000            4.411e+00           4.411e+00             168.412          -1.541e+02             138.365           4.000e+01     
  93.000          90.000            4.509e+00           4.509e+00             168.303          -1.543e+02             135.004           4.000e+01     
  92.000          90.000            4.578e+00           4.578e+00             168.226          -1.544e+02             131.494           4.000e+01     
  91.000          90.000            4.620e+00           4.620e+00             168.180          -1.545e+02             127.863           4.000e+01     
  90.000          90.000            4.634e+00           4.634e+00             168.165          -1.545e+02             124.137           4.000e+01     
  89.000          90.000            4.620e+00           4.620e+00             168.180          -1.545e+02             120.329           4.000e+01     
  88.000          90.000            4.578e+00           4.578e+00             168.226          -1.545e+02             116.476           4.000e+01     
  87.000          90.000            4.509e+00           4.509e+00             168.303          -1.545e+02             112.581           4.000e+01     
  86.000          90.000            4.411e+00           4.411e+00             168.412          -1.545e+02             108.650           4.000e+01     
  85.000          90.000            4.285e+00           4.285e+00             168.555          -1.544e+02             104.683           4.000e+01     
  84.000          90.000            4.130e+00           4.130e+00             168.733          -1.543e+02             100.678           4.000e+01     
  83.000          90.000            3.945e+00           3.945e+00             168.949          -1.543e+02              96.627           4.000e+01     
  82.000          90.000            3.729e+00           3.729e+00             169.207          -1.542e+02              92.521           4.000e+01     
  81.000          90.000            3.482e+00           3.482e+00             169.510          -1.541e+02              88.352           4.000e+01     
  80.000          90.000            3.202e+00           3.202e+00             169.864          -1.540e+02              84.112           4.000e+01     
  79.000          90.000            2.887e+00           2.887e+00             170.274          -1.538e+02              79.796           4.000e+01     
  78.000          90.000            2.537e+00           2.537e+00             170.747          -1.537e+02              75.402           4.000e+01     
  77.000          90.000            2.149e+00           2.149e+00             171.294          -1.535e+02              70.936           4.000e+01     
  76.000          90.000            1.720e+00           1.720e+00             171.926          -1.533e+02              66.409           4.000e+01     
  75.000          90.000            1.248e+00           1.248e+00             172.657          -1.531e+02              61.838           4.000e+01     
  74.000          90.000            7.306e-01           7.306e-01             173.506          -1.529e+02              57.247           4.000e+01     
  73.000          90.000            1.628e-01           1.628e-01             174.498          -1.526e+02              52.665           4.000e+01     
  72.000          90.000           -4.595e-01          -4.595e-01             175.663          -1.524e+02              48.126           4.000e+01     
  71.000          90.000           -1.142e+00          -1.142e+00             177.043          -1.520e+02              43.662           4.000e+01     
  70.000          90.000           -1.890e+00          -1.890e+00             178.693          -1.517e+02              39.308           4.000e+01     
  69.000          90.000           -2.710e+00          -2.710e+00             180.688          -1.513e+02              35.093           4.000e+01     
  68.000          90.000           -3.612e+00          -3.612e+00             183.133          -1.509e+02              31.042           4.000e+01     
  67.000          90.000           -4.601e+00          -4.601e+00             186.177          -1.505e+02              27.177           4.000e+01     
  66.000          90.000           -5.684e+00          -5.684e+00             190.030          -1.501e+02              23.509           4.000e+01     
  65.000          90.000           -6.860e+00          -6.860e+00             194.999          -1.497e+02              20.046           4.000e+01     
  64.000          90.000           -8.113e+00          -8.113e+00             201.511          -1.493e+02              16.791           4.000e+01     
  63.000          90.000           -9.389e+00          -9.389e+00             210.121          -1.488e+02              13.743           4.000e+01     
  62.000          90.000           -1.057e+01          -1.057e+01             221.380          -1.484e+02              10.896           4.000e+01     
  61.000          90.000           -1.143e+01          -1.143e+01             235.385          -1.480e+02               8.242           4.000e+01     
  60.000          90.000           -1.173e+01          -1.173e+01             251.079          -1.476e+02               5.772           4.000e+01     
  59.000          90.000           -1.141e+01          -1.141e+01             266.323          -1.472e+02               3.475           4.000e+01     
  58.000          90.000           -1.061e+01          -1.061e+01             279.294          -1.468e+02               1.340           4.000e+01     
  57.000          90.000           -9.595e+00          -9.595e+00             289.461          -1.464e+02             359.355           4.000e+01     
  56.000          90.000           -8.538e+00          -8.538e+00             297.181          -1.460e+02             357.510           4.000e+01     
  55.000          90.000           -7.531e+00          -7.531e+00             303.039          -1.457e+02             355.794           4.000e+01     
  54.000          90.000           -6.608e+00          -6.608e+00             307.544          -1.453e+02             354.198           4.000e+01     
  53.000          90.000           -5.779e+00          -5.779e+00             311.073          -1.450e+02             352.711           4.000e+01     
  52.000          90.000           -5.040e+00          -5.040e+00             313.889          -1.447e+02             351.325           4.000e+01     
  51.000          90.000           -4.385e+00          -4.385e+00             316.176          -1.444e+02             350.033           4.000e+01     
  50.000          90.000           -3.804e+00          -3.804e+00             318.064          -1.441e+02             348.826           4.000e+01     
  49.000          90.000           -3.291e+00          -3.291e+00             319.643          -1.439e+02             347.698           4.000e+01     
  48.000          90.000           -2.838e+00          -2.838e+00             320.981          -1.436e+02             346.643           4.000e+01     
  47.000          90.000           -2.440e+00          -2.440e+00             322.127          -1.434e+02             345.656           4.000e+01     
  46.000          90.000           -2.092e+00          -2.092e+00             323.118          -1.432e+02             344.730           4.000e+01     
  45.000          90.000           -1.789e+00          -1.789e+00             323.983          -1.430e+02             343.862           4.000e+01     
  44.000          90.000           -1.527e+00          -1.527e+00             324.742          -1.428e+02             343.047           4.000e+01     
  43.000          90.000           -1.302e+00          -1.302e+00             325.415          -1.426e+02             342.281           4.000e+01     
  42.000          90.000           -1.113e+00          -1.113e+00             326.013          -1.425e+02             341.562           4.000e+01     
  41.000          90.000           -9.572e-01          -9.572e-01             326.549          -1.423e+02             340.884           4.000e+01     
  40.000          90.000           -8.317e-01          -8.317e-01             327.030          -1.422e+02             340.247           4.000e+01     
  39.000          90.000           -7.351e-01          -7.351e-01             327.466          -1.420e+02             339.647           4.000e+01     
  38.000          90.000           -6.660e-01          -6.660e-01             327.861          -1.419e+02             339.081           4.000e+01     
  37.000          90.000           -6.231e-01          -6.231e-01             328.220          -1.418e+02             338.548           4.000e+01     
  36.000          90.000           -6.049e-01          -6.049e-01             328.548          -1.417e+02             338.045           4.000e+01     
  35.000          90.000           -6.106e-01          -6.106e-01             328.849          -1.416e+02             337.570           4.000e+01     
  34.000          90.000           -6.396e-01          -6.396e-01             329.125          -1.415e+02             337.123           4.000e+01     
  33.000          90.000           -6.910e-01          -6.910e-01             329.380          -1.415e+02             336.701           4.000e+01     
  32.000          90.000           -7.644e-01          -7.644e-01             329.614          -1.414e+02             336.302           4.000e+01     
  31.000          90.000           -8.594e-01          -8.594e-01             329.831          -1.414e+02             335.926           4.000e+01     
  30.000          90.000           -9.757e-01          -9.757e-01             330.032          -1.413e+02             335.571           4.000e+01     
  29.000          90.000           -1.113e+00          -1.113e+00             330.219          -1.413e+02             335.237           4.000e+01     
  28.000          90.000           -1.272e+00          -1.272e+00             330.392          -1.412e+02             334.921           4.000e+01     
  27.000          90.000           -1.451e+00          -1.451e+00             330.553          -1.412e+02             334.624           4.000e+01     
  26.000          90.000           -1.652e+00          -1.652e+00             330.703          -1.411e+02             334.343           4.000e+01     
  25.000          90.000           -1.875e+00          -1.875e+00             330.842          -1.411e+02             334.079           4.000e+01     
  24.000          90.000           -2.120e+00          -2.120e+00             330.972          -1.411e+02             333.830           4.000e+01     
  23.000          90.000           -2.388e+00          -2.388e+00             331.093          -1.411e+02             333.595           4.000e+01     
  22.000          90.000           -2.680e+00          -2.680e+00             331.206          -1.411e+02             333.375           4.000e+01     
  21.000          90.000           -2.997e+00          -2.997e+00             331.311          -1.411e+02             333.168           4.000e+01     
  20.000          90.000           -3.340e+00          -3.340e+00             331.409          -1.410e+02             332.973           4.000e+01     
  19.000          90.000           -3.711e+00          -3.711e+00             331.499          -1.410e+02             332.790           4.000e+01     
  18.000          90.000           -4.112e+00          -4.112e+00             331.584          -1.410e+02             332.619           4.000e+01     
  17.000          90.000           -4.546e+00          -4.546e+00             331.662          -1.410e+02             332.458           4.000e+01     
  16.000          90.000           -5.014e+00          -5.014e+00             331.735          -1.410e+02             332.308           4.000e+01     
  15.000          90.000           -5.522e+00          -5.522e+00             331.802          -1.410e+02             332.167           4.000e+01     
  14.000          90.000           -6.073e+00          -6.073e+00             331.864          -1.410e+02             332.036           4.000e+01     
  13.000          90.000           -6.672e+00          -6.672e+00             331.921          -1.410e+02             331.913           4.000e+01     
  12.000          90.000           -7.328e+00          -7.328e+00             331.972          -1.410e+02             331.798           4.000e+01     
  11.000          90.000           -8.047e+00          -8.047e+00             332.020          -1.410e+02             331.692           4.000e+01     
  10.000          90.000           -8.843e+00          -8.843e+00             332.062          -1.410e+02             331.593           4.000e+01     
   9.000          90.000           -9.730e+00          -9.730e+00             332.100          -1.410e+02             331.500           4.000e+01     
   8.000          90.000           -1.073e+01          -1.073e+01             332.134          -1.410e+02             331.415           4.000e+01     
   7.000          90.000           -1.187e+01          -1.187e+01             332.164          -1.410e+02             331.336           4.000e+01     
   6.000          90.000           -1.319e+01          -1.319e+01             332.189          -1.410e+02             331.263           4.000e+01     
   5.000          90.000           -1.475e+01          -1.475e+01             332.211          -1.410e+02             331.196           4.000e+01     
   4.000          90.000           -1.668e+01          -1.668e+01             332.228          -1.410e+02             331.134           4.000e+01     
   3.000          90.000           -1.917e+01          -1.917e+01             332.242          -1.410e+02             331.077           4.000e+01     
   2.000          90.000           -2.268e+01          -2.268e+01             332.251          -1.410e+02             331.026           4.000e+01     
   1.000          90.000           -2.870e+01          -2.870e+01             332.257          -1.410e+02             330.979           4.000e+01     
